DateTime,Entries,UniqueIPs
1508169739,888,888
1508173339,886,886
1508176939,887,887
1508180540,884,884
1508184139,884,884
1508187799,875,875
1508191399,875,875
1508195000,872,872
1508198599,864,864
1508202200,865,865
1508205739,867,867
1508209340,867,867
1508216599,866,866
1508223799,865,865
1508227400,862,862
1508231000,860,860
1508234540,859,859
1508238141,860,860
1508241740,860,860
1508245340,859,859
1508249000,859,859
1508252600,860,860
1508256200,862,862
1508259800,868,868
1508263341,871,871
1508267000,871,871
1508270600,872,872
1508274140,875,875
1508277741,876,876
1508281400,887,887
1508284940,888,888
1508288601,886,886
1508292140,883,883
1508295741,882,882
1508299342,881,881
1508302940,881,881
1508306601,879,879
1508310201,877,877
1508313800,877,877
1508317341,879,879
1508321001,876,876
1508328201,874,874
1508331801,871,871
1508335401,873,873
1508338942,877,877
1508342601,875,875
1508346141,874,874
1508349741,864,864
1508353401,864,864
1508357001,868,868
1508360601,877,877
1508364201,878,878
1508367741,878,878
1508371402,875,875
1508375005,871,871
1508378602,869,869
1508382202,870,870
1508389402,869,869
1508393002,861,861
1508396542,862,862
1508400142,860,860
1508411002,856,856
1508414542,858,858
1508418203,856,856
1508421802,857,857
1508425342,859,859
1508428942,861,861
1508432543,861,861
1508436203,859,859
1508439802,860,860
1508443402,862,862
1508447002,862,862
1508450543,864,864
1508454203,862,862
1508457802,862,862
1508464942,862,862
1508468542,860,860
1508472203,858,858
1508475803,857,857
1508479343,856,856
1508483003,858,858
1508486603,859,859
1508490203,861,861
1508493803,861,861
1508497403,857,857
1508501003,859,859
1508504603,859,859
1508508143,860,860
1508511803,863,863
1508515403,857,857
1508519003,858,858
1508519864,859,859
1508522603,858,858
1508526203,861,861
1508529803,862,862
1508533403,860,860
1508537003,859,859
1508540543,860,860
1508544203,862,862
1508547805,862,862
1508551404,860,860
1508554944,860,860
1508558604,861,861
1508562204,860,860
1508565804,859,859
1508569404,858,858
1508573004,852,852
1508576544,853,853
1508580144,854,854
1508583744,852,852
1508587404,848,848
1508590944,849,849
1508594604,848,848
1508598204,849,849
1508601804,846,846
1508605344,847,847
1508609005,847,847
1508612545,849,849
1508616145,851,851
1508619805,869,869
1508623406,868,868
1508627005,868,868
1508630604,868,868
1508634204,868,868
1508637805,864,864
1508641404,864,864
1508644945,863,863
1508648607,861,861
1508652206,860,860
1508655745,860,860
1508659345,862,862
1508662945,869,869
1508666606,866,866
1508670205,866,866
1508673806,866,866
1508677345,864,864
1508681006,865,865
1508684546,865,865
1508688205,866,866
1508691806,864,864
1508695406,864,864
1508699005,863,863
1508702605,863,863
1508706206,864,864
1508709806,862,862
1508713346,864,864
1508717006,864,864
1508724146,864,864
1508727746,865,865
1508731406,864,864
1508738606,864,864
1508742146,865,865
1508745806,863,863
1508749406,862,862
1508752946,861,861
1508756606,863,863
1508760146,864,864
1508763807,865,865
1508767646,862,862
1508780907,853,853
1508781746,853,853
1508782773,858,858
1508785346,858,858
1508789007,860,860
1508792546,862,862
1508796207,846,846
1508799806,846,846
1508803406,847,847
1508806946,846,846
1508814147,846,846
1508817747,846,846
1508821347,843,843
1508824947,842,842
1508828607,840,840
1508832208,841,841
1508835807,837,837
1508839408,834,834
1508843007,849,849
1508846607,850,850
1508850207,851,851
1508853808,850,850
1508857407,852,852
1508861007,853,853
1508864547,855,855
1508868147,846,846
1508871807,841,841
1508875407,843,843
1508878947,844,844
1508882608,843,843
1508886208,863,863
1508889748,863,863
1508893408,861,861
1508900548,860,860
1508904210,849,849
1508907808,849,849
1508911408,849,849
1508914948,850,850
1508918608,849,849
1508922208,850,850
1508925748,850,850
1508929348,853,853
1508933008,854,854
1508936548,854,854
1508940208,849,849
1508943748,854,854
1508947408,854,854
1508951008,854,854
1508954548,854,854
1508958148,856,856
1508961808,857,857
1508965408,856,856
1508969008,855,855
1508972549,856,856
1508976148,856,856
1508979809,855,855
1508983409,858,858
1508987009,856,856
1508990609,857,857
1508994209,855,855
1508997809,856,856
1509001409,854,854
1509004949,855,855
1509008609,854,854
1509012209,861,861
1509015749,861,861
1509019349,872,872
1509023009,869,869
1509026549,875,875
1509030209,871,871
1509033749,882,882
1509037349,886,886
1509040949,883,883
1509044609,889,889
1509048209,892,892
1509051749,895,895
1509055349,897,897
1509058950,895,895
1509062549,898,898
1509069809,898,898
1509073350,899,899
1509077010,896,896
1509084150,895,895
1509087810,895,895
1509091410,895,895
1509095010,896,896
1509102210,913,913
1509105750,914,914
1509109350,917,917
1509116611,917,917
1509120210,915,915
1509123750,916,916
1509131010,917,917
1509134610,919,919
1509138210,921,921
1509141810,918,918
1509145410,916,916
1509149011,919,919
1509152611,927,927
1509156211,925,925
1509163411,923,923
1509167011,922,922
1509170551,921,921
1509174211,917,917
1509177751,917,917
1509181351,919,919
1509185011,914,914
1509188551,911,911
1509192211,910,910
1509195751,907,907
1509199411,910,910
1509202951,910,910
1509206611,919,919
1509210151,919,919
1509213751,920,920
1509217411,915,915
1509221011,911,911
1509224551,914,914
1509228151,913,913
1509231751,913,913
1509238952,917,917
1509242552,917,917
1509246212,915,915
1509253352,915,915
1509257012,915,915
1509260612,913,913
1509264152,913,913
1509267812,912,912
1509271352,913,913
1509274952,914,914
1509278612,914,914
1509282152,925,925
1509285752,926,926
1509289352,924,924
1509293012,923,923
1509300152,920,920
1509303752,923,923
1509307412,924,924
1509310952,923,923
1509314552,920,920
1509318213,917,917
1509325413,916,916
1509328952,914,914
1509332553,915,915
1509336153,916,916
1509339813,916,916
1509343413,915,915
1509346953,914,914
1509350613,910,910
1509354213,908,908
1509357753,907,907
1509361413,906,906
1509364953,906,906
1509368553,898,898
1509372153,903,903
1509375813,907,907
1509379413,906,906
1509383013,905,905
1509386613,904,904
1509390153,905,905
1509393813,902,902
1509397413,900,900
1509401013,900,900
1509404613,901,901
1509408154,900,900
1509411754,901,901
1509415354,902,902
1509418954,902,902
1509419860,918,918
1509422554,914,914
1509426154,919,919
1509429754,919,919
1509433354,918,918
1509436954,921,921
1509440554,917,917
1509444214,915,915
1509447814,910,910
1509451414,906,906
1509454954,903,903
1509458614,902,902
1509462214,903,903
1509465814,892,892
1509469414,892,892
1509473014,887,887
1509476614,888,888
1509480214,888,888
1509483814,879,879
1509487354,880,880
1509490954,878,878
1509494555,873,873
1509498155,875,875
1509501815,889,889
1509505415,886,886
1509508955,883,883
1509512615,880,880
1509516215,882,882
1509519755,880,880
1509523355,859,859
1509527015,855,855
1509530555,857,857
1509537755,849,849
1509541355,844,844
1509544955,849,849
1509548555,850,850
1509552155,847,847
1509555815,841,841
1509559355,840,840
1509563015,840,840
1509566615,841,841
1509570215,840,840
1509573755,838,838
1509577356,838,838
1509580956,838,838
1509584617,838,838
1509588216,838,838
1509591816,836,836
1509595416,833,833
1509599016,832,832
1509602556,832,832
1509606156,829,829
1509609756,828,828
1509613356,831,831
1509616996,831,831
1509620593,829,829
1509624193,830,830
1509631393,828,828
1509632843,830,830
1509634943,843,843
1509638604,845,845
1509642144,847,847
1509645744,845,845
1509649404,844,844
1509653004,844,844
1509656604,847,847
1509659424,848,848
1509663744,849,849
1509667345,848,848
1509671019,847,847
1509674604,848,848
1509678205,847,847
1509681804,847,847
1509685344,848,848
1509689004,848,848
1509692604,842,842
1509696204,839,839
1509699804,838,838
1509703404,836,836
1509706945,835,835
1509710604,833,833
1509714145,832,832
1509717804,834,834
1509721406,828,828
1509725005,831,831
1509728605,834,834
1509732145,831,831
1509735745,834,834
1509739406,833,833
1509743009,833,833
1509746545,835,835
1509750205,836,836
1509753746,836,836
1509760945,834,834
1509764605,833,833
1509768205,834,834
1509771806,833,833
1509775406,831,831
1509778945,831,831
1509782606,830,830
1509786205,831,831
1509789746,831,831
1509793406,830,830
1509797006,831,831
1509800606,830,830
1509804146,832,832
1509807807,830,830
1509811346,830,830
1509815006,826,826
1509818606,822,822
1509822146,822,822
1509829406,822,822
1509832947,823,823
1509836606,822,822
1509840146,822,822
1509843807,822,822
1509847406,820,820
1509851007,820,820
1509854547,819,819
1509858207,819,819
1509861806,820,820
1509865347,817,817
1509869007,816,816
1509872607,814,814
1509876206,808,808
1509879807,808,808
1509883408,808,808
1509887007,808,808
1509890607,808,808
1509894147,808,808
1509897749,807,807
1509898476,808,808
1509901348,807,807
1509904949,808,808
1509908547,804,804
1509912207,806,806
1509915748,806,806
1509919348,808,808
1509922948,809,809
1509926547,810,810
1509930207,812,812
1509937407,815,815
1509940947,815,815
1509944608,816,816
1509948148,820,820
1509951808,814,814
1509955348,815,815
1509958948,816,816
1509959601,817,817
1509966208,816,816
1509969748,816,816
1509975057,819,819
1509977028,822,822
1509980568,826,826
1509984170,823,823
1509987768,824,824
1509991368,825,825
1509994970,827,827
1509998570,829,829
1510002169,829,829
1510005770,829,829
1510009370,830,830
1510012969,830,830
1510016630,831,831
1510020170,831,831
1510027370,827,827
1510031029,828,828
1510034569,823,823
1510038169,819,819
1510041770,818,818
1510045369,818,818
1510048970,817,817
1510052629,815,815
